95 95 95 95 95 95 95 95 95 95 95 95 95 95 95 95 95 95 95 95 95 95 51 51 51 51 51 51 51 51 14 14 14 14 51 115 155 187 197 204 213 232 234 237 240 242 244 246 247 250 251 252 255 253 255 255
95 95 95 95 95 95 95 95 95 95 95 95 95 95 95 95 95 95 95 95 95 51 51 51 51 51 51 51 51 51 51 14 2 2 14 95 120 155 189 198 204 213 232 235 237 239 242 244 246 248 249 251 253 253 255 253
95 95 95 95 95 95 95 95 95 95 95 95 95 95 95 95 95 95 95 95 95 95 51 51 51 51 51 51 51 51 51 51 2 2 14 51 108 115 145 189 197 206 213 232 235 237 240 242 244 246 248 250 252 253 255 253
95 95 95 95 95 95 95 95 95 95 95 95 95 95 95 95 51 95 95 95 95 95 95 95 95 95 95 95 51 51 51 14 2 14 14 14 95 51 108 145 185 196 204 212 232 235 237 240 242 244 246 248 250 251 255 253
95 95 95 95 95 95 95 95 95 95 95 95 95 95 95 95 95 95 95 95 95 95 95 51 95 95 95 51 51 51 51 14 0 2 2 2 14 14 51 115 162 189 198 206 215 232 235 238 240 242 245 247 248 250 252 253
95 95 95 95 95 95 95 95 95 95 95 95 95 95 95 95 108 108 108 95 95 51 51 14 51 51 51 51 51 51 51 51 2 14 2 2 14 14 14 95 126 145 190 197 206 215 232 235 238 240 243 245 247 248 251 251
95 95 95 95 95 95 95 95 95 95 95 95 95 95 95 95 108 108 108 108 108 108 95 95 95 95 95 95 51 51 51 51 2 14 14 2 14 14 14 51 115 126 181 189 198 206 218 232 236 238 241 243 245 247 249 250
95 95 95 95 95 95 95 95 95 95 95 95 95 95 95 95 108 115 115 115 120 120 115 115 120 115 115 108 95 51 51 14 0 2 2 2 14 14 14 51 51 108 145 145 190 201 207 222 233 236 238 241 243 245 247 249
108 95 95 95 95 95 95 95 95 95 95 95 95 95 95 108 108 115 115 115 115 115 120 126 126 126 126 120 108 95 14 14 2 2 14 14 14 14 51 51 51 115 115 120 185 192 200 210 227 233 236 239 241 243 245 248
108 108 95 95 51 51 51 51 51 51 51 51 51 51 95 95 120 126 133 133 133 133 133 133 126 133 145 145 133 120 108 95 51 51 14 14 14 14 14 14 14 108 95 108 145 185 195 204 211 230 234 236 239 241 243 245
115 108 95 95 51 51 51 51 51 51 51 51 51 95 95 108 133 133 145 155 155 155 145 133 133 133 145 145 133 126 120 115 108 95 51 14 14 14 14 2 14 95 51 51 120 126 181 195 203 210 231 233 236 239 241 243
108 108 95 95 51 51 51 14 51 51 51 51 95 108 115 115 145 145 145 155 155 155 145 133 145 133 133 133 126 133 133 133 120 115 95 51 14 51 51 51 51 95 51 51 108 115 133 185 196 201 210 230 233 236 239 241
95 95 95 51 51 51 51 51 51 51 51 95 108 115 120 126 155 155 155 155 155 155 145 145 145 145 145 145 133 145 155 162 126 120 115 95 95 51 95 95 95 51 51 51 95 108 120 145 187 193 201 210 230 233 236 239
51 51 51 51 51 51 51 51 51 51 51 95 115 120 126 133 162 155 145 145 145 145 155 155 155 155 162 155 133 126 126 133 133 145 145 126 115 51 14 14 51 51 51 51 51 51 108 115 145 185 196 203 211 231 234 236
51 51 51 51 51 51 51 51 51 51 95 108 115 126 133 145 145 145 145 133 133 133 145 155 145 162 162 155 133 133 155 181 190 193 195 191 171 120 51 14 51 14 51 51 14 51 95 95 108 126 181 195 202 210 231 233
51 51 51 51 51 51 51 51 51 95 108 115 120 133 145 155 145 145 145 145 133 133 145 155 133 145 155 155 155 181 192 197 201 204 205 202 196 181 126 115 14 14 51 95 51 51 108 95 108 108 133 189 197 203 212 231
51 51 51 95 108 95 95 95 95 108 108 115 126 145 155 155 145 145 155 145 145 145 133 162 133 145 162 181 189 196 200 205 206 208 212 208 199 192 187 145 115 108 51 51 51 14 14 51 51 51 108 155 189 195 204 213
51 51 51 95 108 95 95 95 95 108 108 115 126 145 155 145 145 145 155 133 145 145 126 155 155 155 187 196 201 206 208 211 213 215 217 213 206 199 193 181 133 126 120 108 95 51 51 51 95 95 95 126 155 181 196 205
51 51 51 95 95 95 95 95 95 108 120 126 133 155 145 145 145 133 145 133 145 145 126 155 162 181 193 203 210 213 215 217 216 220 222 215 210 203 193 181 155 155 145 126 108 51 51 51 51 95 95 95 115 133 189 198
51 51 51 95 95 95 95 95 95 108 126 133 145 155 145 133 145 133 145 145 155 145 133 171 187 195 202 208 213 216 217 218 218 224 224 217 212 205 196 187 162 162 162 145 126 108 51 51 14 51 95 95 108 126 181 192
51 51 51 95 95 51 51 95 95 115 126 145 155 155 145 133 145 133 155 145 145 145 145 187 198 205 211 214 216 218 220 220 222 226 224 218 213 206 197 189 155 171 181 171 155 126 115 51 14 95 51 51 95 108 126 171
51 51 51 51 51 51 51 95 95 115 126 145 155 155 155 145 155 145 155 145 145 155 181 195 205 211 217 218 218 222 226 224 224 224 222 217 212 205 196 181 155 162 171 171 171 155 120 95 14 51 14 51 95 51 95 126
51 51 51 51 51 14 14 51 95 115 126 133 145 155 155 155 155 145 155 145 145 171 192 202 211 214 218 218 218 226 228 227 228 224 224 218 211 203 196 181 155 162 162 162 171 171 133 95 14 14 2 51 108 51 51 120
51 51 51 51 14 14 14 51 95 115 126 133 145 155 155 155 155 145 155 145 155 187 198 207 215 216 216 217 222 227 230 228 227 220 222 217 208 202 196 181 162 162 162 162 181 181 145 108 95 51 14 95 115 51 14 108
51 51 51 95 51 14 14 51 108 108 115 126 155 162 171 162 171 126 155 145 171 191 204 211 222 224 222 218 220 226 227 226 222 220 222 217 210 200 192 185 155 162 171 181 181 171 145 133 115 51 14 95 108 51 14 51
95 51 51 95 95 51 51 95 51 95 115 133 145 162 162 171 155 133 162 145 187 198 207 213 222 222 222 220 222 224 226 224 226 224 222 215 206 198 190 171 162 162 171 181 181 171 162 145 120 95 51 95 95 51 51 51
95 51 51 95 95 14 14 14 14 95 115 133 155 162 171 181 155 155 181 162 191 203 212 216 226 224 224 226 227 227 226 226 224 224 220 213 205 196 189 162 171 171 181 181 185 181 171 162 133 115 95 95 95 51 51 51
120 108 95 95 95 51 14 14 51 51 108 126 155 171 181 181 155 162 181 181 196 206 216 222 230 224 222 227 230 230 228 228 222 222 217 211 201 193 187 171 181 181 181 185 185 181 181 171 155 126 108 95 95 51 51 51
145 120 108 108 108 95 95 95 95 14 14 108 133 162 171 162 155 155 162 189 199 208 226 231 230 222 218 224 230 231 230 230 222 218 213 206 198 189 187 187 185 185 181 181 181 181 181 171 162 133 115 95 51 51 51 51
171 133 108 95 95 95 95 108 108 51 14 95 126 155 162 155 162 155 155 190 202 208 224 228 228 220 217 224 230 231 230 230 224 215 208 201 191 185 187 189 185 181 181 181 181 181 171 171 162 145 120 95 51 51 51 51
192 185 133 115 108 95 95 95 108 95 51 95 120 133 145 145 162 162 162 190 201 207 220 220 226 222 220 226 228 230 227 226 217 210 202 195 187 181 185 185 181 181 181 181 181 181 181 171 162 145 120 108 51 51 51 51
199 196 187 155 126 115 95 108 95 95 95 108 115 120 126 133 155 171 162 190 202 208 222 220 220 222 226 227 228 227 224 222 213 206 196 189 185 185 185 171 171 171 171 181 185 185 181 181 155 145 120 108 51 51 51 51
210 202 195 187 133 108 115 95 51 95 108 95 51 95 115 120 145 145 155 189 199 207 226 222 226 228 231 230 226 224 216 211 206 198 190 185 187 187 185 181 181 181 181 185 185 185 181 181 171 155 126 108 51 51 14 14
226 210 199 193 181 145 120 108 95 108 108 51 51 51 108 115 133 145 155 189 199 207 222 220 222 226 228 228 224 215 211 205 198 192 185 171 181 181 171 171 181 181 181 181 181 185 181 171 162 145 120 108 95 51 51 51
233 227 207 201 193 181 133 95 95 95 95 51 14 14 51 95 120 133 145 187 198 206 215 216 215 215 216 215 213 208 203 196 189 187 181 185 187 187 185 187 181 181 171 162 171 181 181 162 145 133 115 108 95 95 95 108
235 233 224 210 201 192 171 120 95 95 51 51 51 51 51 51 95 115 115 162 193 201 210 212 211 208 207 206 203 198 192 185 162 162 171 185 185 185 185 185 171 181 171 162 162 181 171 145 133 126 115 108 95 108 108 108
238 235 233 226 207 199 191 185 120 108 95 95 95 95 51 51 2 51 51 120 171 193 200 205 204 201 199 198 192 189 185 171 162 162 162 181 181 181 181 181 171 181 171 162 162 171 162 145 126 120 115 108 95 108 108 108
240 238 235 232 215 205 198 191 155 126 95 95 95 51 51 51 14 95 14 108 120 171 189 196 196 193 192 190 185 171 181 181 181 171 171 181 185 185 185 185 171 171 171 171 162 155 145 133 120 115 108 95 108 108 108 108
243 240 238 235 232 214 206 198 190 171 120 95 51 14 14 51 95 108 51 108 108 120 115 171 181 181 185 185 181 181 181 171 162 162 162 162 171 181 181 171 171 162 171 181 171 133 126 126 115 108 108 95 108 108 108 108
245 243 240 238 235 232 213 206 197 189 145 115 95 51 51 95 51 108 51 108 51 95 0 120 126 133 155 171 162 181 171 145 162 171 171 171 171 181 181 171 171 155 171 185 171 126 115 126 108 108 95 95 108 108 108 108
246 244 242 240 237 235 232 212 204 193 189 145 120 51 51 51 95 14 51 51 14 14 95 95 115 120 145 162 181 171 171 162 181 181 181 181 171 171 171 171 171 181 181 171 145 120 115 115 108 108 108 108 108 108 95 95
248 246 244 242 239 237 234 231 211 200 195 181 145 115 95 51 51 14 14 51 14 14 95 95 108 115 126 155 162 162 162 162 171 171 171 171 171 171 162 162 171 171 162 155 126 115 108 108 108 108 108 108 108 108 95 95
249 248 246 244 242 240 237 234 231 212 204 195 189 155 120 51 51 14 14 51 14 51 95 51 51 95 108 120 133 145 155 155 162 162 171 171 171 162 162 155 155 155 145 126 115 95 95 95 108 108 108 108 108 95 95 95
251 250 248 246 244 242 239 237 233 231 212 201 195 187 145 95 108 14 51 95 51 51 95 51 2 2 14 51 108 115 126 126 145 155 155 155 155 155 145 133 126 126 120 115 95 51 51 95 95 95 95 95 95 95 95 95
252 251 249 247 246 244 241 239 236 234 231 208 201 195 189 145 115 51 14 51 51 51 95 51 2 2 2 14 51 95 108 115 120 120 126 126 126 126 120 115 108 108 108 108 95 51 51 51 51 51 51 51 51 95 95 95
253 251 250 249 247 245 244 242 239 237 234 231 210 201 195 185 145 115 51 51 51 95 108 95 14 14 14 14 14 51 95 95 95 95 95 108 108 95 95 95 51 95 95 95 95 95 95 51 14 14 51 51 51 95 95 95
253 252 251 251 249 247 246 244 242 239 237 234 231 210 201 192 189 155 120 108 51 95 95 51 51 51 51 51 51 51 51 51 14 14 14 51 51 51 51 51 51 51 95 95 95 95 95 95 51 51 51 51 51 95 95 95
255 255 253 251 250 249 248 246 243 241 240 236 234 231 211 203 196 189 145 120 95 95 95 51 51 51 51 51 51 51 51 51 14 14 14 14 14 51 51 95 95 95 95 95 95 95 95 95 95 95 95 95 95 95 95 95
255 253 255 255 251 250 249 247 245 243 242 239 236 234 231 210 204 197 185 133 108 51 95 51 51 51 51 51 51 51 51 51 51 51 51 14 14 51 95 95 95 95 95 95 95 95 95 95 95 95 95 95 95 95 95 95
255 253 255 255 252 251 250 249 247 246 244 241 239 236 234 231 212 204 195 185 133 115 95 51 51 51 51 51 51 51 51 51 51 51 51 14 14 51 95 95 95 95 95 95 95 95 95 95 95 95 95 95 95 95 95 95
255 253 255 255 253 253 252 251 249 248 246 244 242 240 237 234 231 211 200 195 187 145 120 115 51 51 51 51 51 51 51 51 51 51 51 14 14 51 95 95 95 95 95 95 95 95 95 95 95 95 95 95 95 95 95 95
